	hdic_bizcircle_id	shangquan_pinshu	shangquan_degree
1	18335673	1	冷清商圈
2	611100336	1	冷清商圈
3	611100718	2	冷清商圈
4	18335713	3	冷清商圈
5	611100331	3	冷清商圈
6	611100444	4	冷清商圈
7	18335665	5	冷清商圈
8	611100345	5	冷清商圈
9	611100796	5	冷清商圈
10	611100392	6	冷清商圈
11	611100447	6	冷清商圈
12	611100595	6	冷清商圈
13	18335652	7	冷清商圈
14	611100340	7	冷清商圈
15	611100354	8	冷清商圈
16	611100719	8	冷清商圈
17	18335717	10	冷清商圈
18	18335758	10	冷清商圈
19	611100335	10	冷清商圈
20	18335782	11	冷清商圈
21	18335698	12	冷清商圈
22	611100711	12	冷清商圈
23	18335661	13	冷清商圈
24	18335671	14	冷清商圈
25	18335672	14	冷清商圈
26	18335675	14	冷清商圈
27	611100352	14	冷清商圈
28	611100363	14	冷清商圈
29	611100597	14	冷清商圈
30	611100710	14	冷清商圈
31	18335632	15	冷清商圈
32	611100367	15	冷清商圈
33	611100405	17	冷清商圈
34	611100442	17	冷清商圈
35	18335667	19	冷清商圈
36	611100361	21	冷清商圈
37	18335761	22	冷清商圈
38	611100801	22	冷清商圈
39	18335628	23	冷清商圈
40	611100338	24	冷清商圈
41	611100446	24	冷清商圈
42	18335773	25	冷清商圈
43	18335681	26	冷清商圈
44	18335738	27	冷清商圈
45	611100314	27	冷清商圈
46	611100339	28	冷清商圈
47	611100351	28	冷清商圈
48	611100536	28	冷清商圈
49	611100404	29	冷清商圈
50	611100612	29	冷清商圈
51	18335695	30	冷清商圈
52	611100330	30	冷清商圈
53	611100349	30	冷清商圈
54	611100698	32	冷清商圈
55	18335684	33	冷清商圈
56	18335683	35	一般商圈
57	18335709	35	一般商圈
58	18335740	35	一般商圈
59	18335760	35	一般商圈
60	18335658	36	一般商圈
61	611100529	36	一般商圈
62	18335629	37	一般商圈
63	611100334	37	一般商圈
64	611100699	37	一般商圈
65	611100341	38	一般商圈
66	611100347	38	一般商圈
67	611100466	38	一般商圈
68	611100717	38	一般商圈
69	611100318	40	一般商圈
70	611100327	40	一般商圈
71	611100332	40	一般商圈
72	611100400	40	一般商圈
73	18335735	41	一般商圈
74	611100350	41	一般商圈
75	611100357	41	一般商圈
76	18335678	42	一般商圈
77	18335702	42	一般商圈
78	611100359	42	一般商圈
79	18335640	44	一般商圈
80	18335691	44	一般商圈
81	18335744	44	一般商圈
82	18335779	44	一般商圈
83	611100320	44	一般商圈
84	611100596	45	一般商圈
85	18335657	47	一般商圈
86	18335754	48	一般商圈
87	611100326	48	一般商圈
88	18335767	49	一般商圈
89	18335647	50	一般商圈
90	18335634	51	一般商圈
91	611100609	51	一般商圈
92	1100002092	51	一般商圈
93	18335623	52	一般商圈
94	18335741	52	一般商圈
95	611100535	52	一般商圈
96	611100344	53	一般商圈
97	611100481	54	一般商圈
98	18335739	55	一般商圈
99	611100358	55	一般商圈
100	18335762	56	一般商圈
101	611100573	56	一般商圈
102	18335674	57	一般商圈
103	18335757	57	一般商圈
104	18335662	58	一般商圈
105	611100342	58	一般商圈
106	1100002093	58	一般商圈
107	611100547	59	一般商圈
108	18335624	60	一般商圈
109	18335666	60	一般商圈
110	18335718	60	一般商圈
111	611100325	60	一般商圈
112	611100716	61	一般商圈
113	18335778	62	一般商圈
114	18335726	63	一般商圈
115	611100395	63	一般商圈
116	611100613	63	一般商圈
117	18335687	65	一般商圈
118	611100800	65	一般商圈
119	611100797	66	一般商圈
120	611100333	67	一般商圈
121	18335630	68	一般商圈
122	611100319	68	一般商圈
123	18335722	69	一般商圈
124	611100445	69	一般商圈
125	611100431	70	一般商圈
126	18335636	71	一般商圈
127	18335686	71	一般商圈
128	18335692	71	一般商圈
129	611100364	71	一般商圈
130	611100309	72	一般商圈
131	611100601	72	一般商圈
132	18335730	73	一般商圈
133	18335633	74	一般商圈
134	18335656	76	一般商圈
135	18335734	76	一般商圈
136	611100448	76	一般商圈
137	611100353	77	一般商圈
138	611100611	77	一般商圈
139	18335693	78	一般商圈
140	18335724	79	一般商圈
141	18335653	80	一般商圈
142	18335743	80	一般商圈
143	18335770	80	一般商圈
144	18335625	81	一般商圈
145	611100432	81	一般商圈
146	611100321	83	一般商圈
147	18335715	84	一般商圈
148	18335644	85	一般商圈
149	611100348	85	一般商圈
150	18335654	87	一般商圈
151	18335670	87	一般商圈
152	611100324	87	一般商圈
153	611100337	87	一般商圈
154	611100315	88	一般商圈
155	611100362	88	一般商圈
156	18335679	93	一般商圈
157	18335768	93	一般商圈
158	18335780	93	一般商圈
159	611100398	93	一般商圈
160	611100610	96	一般商圈
161	18335680	98	一般商圈
162	18335696	98	一般商圈
163	18335639	100	热门商圈
164	18335728	100	热门商圈
165	18335707	103	热门商圈
166	18335641	104	热门商圈
167	611100308	104	热门商圈
168	611100329	109	热门商圈
169	18335655	110	热门商圈
170	18335685	110	热门商圈
171	611100355	110	热门商圈
172	18335704	114	热门商圈
173	18335749	114	热门商圈
174	18335729	115	热门商圈
175	611100323	118	热门商圈
176	18335746	120	热门商圈
177	611100322	122	热门商圈
178	611100696	123	热门商圈
179	18335701	129	热门商圈
180	18335751	131	热门商圈
181	611100310	133	热门商圈
182	611100537	133	热门商圈
183	611100328	137	热门商圈
184	611100346	137	热门商圈
185	18335700	139	热门商圈
186	18335627	140	热门商圈
187	18335727	144	热门商圈
188	18335694	146	热门商圈
189	611100365	146	热门商圈
190	18335676	151	热门商圈
191	18335682	158	热门商圈
192	611100531	164	热门商圈
193	18335766	166	热门商圈
194	18335737	169	热门商圈
195	18335723	184	热门商圈
196	18335669	185	热门商圈
197	611100316	189	热门商圈
198	611100343	189	热门商圈
199	611100356	189	热门商圈
200	611100368	197	热门商圈
201	18335699	198	热门商圈
202	18335631	201	热门商圈
203	18335750	201	热门商圈
204	18335689	203	热门商圈
205	18335703	203	热门商圈
206	18335714	210	热门商圈
207	18335706	219	热门商圈
208	611100366	221	热门商圈
209	611100412	225	热门商圈
210	18335710	233	热门商圈
211	611100608	248	热门商圈
212	611100697	295	热门商圈
213	611100360	340	热门商圈
214	18335747	368	热门商圈
215	18335711	525	热门商圈
216	18335745	629	热门商圈
